A=[1,2,5,7;-1,2,1,-2;4,6,8,0]

A =

     1     2     5     7
    -1     2     1    -2
     4     6     8     0

A'

ans =

     1    -1     4
     2     2     6
     5     1     8
     7    -2     0

A(1,3)+A(3,2)

ans =

    11

2*A(2,1:4)-A(3,1:4)

ans =

    -6    -2    -6    -4

3*A(1:3,3)

ans =

    15
     3
    24

A(1,1:4)+A(2,1:4)+A(3,1:4)

ans =

     4    10    14     5

B=[5, -4, 3, -6, 2;2, 1, -1, -1, 1;1, 2, 1, 1, 3;-2, -1, -1, 1, -1;1, -6, 1, 1, 4]

B =

     5    -4     3    -6     2
     2     1    -1    -1     1
     1     2     1     1     3
    -2    -1    -1     1    -1
     1    -6     1     1     4

b=[4;6;19;-12;4]

b =

     4
     6
    19
   -12
     4

B\b

ans =

    5.0000
    2.0000
    3.0000
    4.0000
    1.0000

These are the relevant values for the variables we are solving for.

diary off
