A=[1, 5, 1;2, 1, -2;1, 7, 2]

A =

     1     5     1
     2     1    -2
     1     7     2

invA=inv(A)

invA =

  -16.0000    3.0000   11.0000
    6.0000   -1.0000   -4.0000
  -13.0000    2.0000    9.0000

det(A)

ans =

   -1.0000

b=[2;0;1]

b =

     2
     0
     1

x=invA*b

x =

  -21.0000
    8.0000
  -17.0000


A*x

ans =

    2.0000
         0
    1.0000


C=[1, 3, 15, 7;2, 4, 22, 8;2, 7, 34, 17]

C =

     1     3    15     7
     2     4    22     8
     2     7    34    17

R=rref(C)

R =

     1     0     3    -2
     0     1     4     3
     0     0     0     0

C(2,1:4)=C(2,1:4)-2*C(1,1:4)

C =

     1     3    15     7
     0    -2    -8    -6
     2     7    34    17

C(3,1:4)=C(3,1:4)-2*C(1,1:4)

C =

     1     3    15     7
     0    -2    -8    -6
     0     1     4     3

C(2,1:4)=-C(2,1:4)/2

C =

     1     3    15     7
     0     1     4     3
     0     1     4     3

C(1,1:4)=C(1,1:4)-3*C(2,1:4)

C =

     1     0     3    -2
     0     1     4     3
     0     1     4     3

C(3,1:4)=C(3,1:4)-C(2,1:4)

C =

     1     0     3    -2
     0     1     4     3
     0     0     0     0

diary off
