x=-2:0.01:5;
y1=cos(x)

y1 =

  Columns 1 through 5

   -0.4161   -0.4070   -0.3979   -0.3887   -0.3795

  Columns 6 through 10

   -0.3702   -0.3609   -0.3515   -0.3421   -0.3327

  Columns 11 through 15

   -0.3233   -0.3138   -0.3043   -0.2948   -0.2852

  Columns 16 through 20

   -0.2756   -0.2660   -0.2563   -0.2466   -0.2369

  Columns 21 through 25

   -0.2272   -0.2175   -0.2077   -0.1979   -0.1881

  Columns 26 through 30

   -0.1782   -0.1684   -0.1585   -0.1487   -0.1388

  Columns 31 through 35

   -0.1288   -0.1189   -0.1090   -0.0990   -0.0891

  Columns 36 through 40

   -0.0791   -0.0691   -0.0592   -0.0492   -0.0392

  Columns 41 through 45

   -0.0292   -0.0192   -0.0092    0.0008    0.0108

  Columns 46 through 50

    0.0208    0.0308    0.0408    0.0508    0.0608

  Columns 51 through 55

    0.0707    0.0807    0.0907    0.1006    0.1106

  Columns 56 through 60

    0.1205    0.1304    0.1403    0.1502    0.1601

  Columns 61 through 65

    0.1700    0.1798    0.1896    0.1994    0.2092

  Columns 66 through 70

    0.2190    0.2288    0.2385    0.2482    0.2579

  Columns 71 through 75

    0.2675    0.2771    0.2867    0.2963    0.3058

  Columns 76 through 80

    0.3153    0.3248    0.3342    0.3436    0.3530

  Columns 81 through 85

    0.3624    0.3717    0.3809    0.3902    0.3993

  Columns 86 through 90

    0.4085    0.4176    0.4267    0.4357    0.4447

  Columns 91 through 95

    0.4536    0.4625    0.4713    0.4801    0.4889

  Columns 96 through 100

    0.4976    0.5062    0.5148    0.5234    0.5319

  Columns 101 through 105

    0.5403    0.5487    0.5570    0.5653    0.5735

  Columns 106 through 110

    0.5817    0.5898    0.5978    0.6058    0.6137

  Columns 111 through 115

    0.6216    0.6294    0.6372    0.6448    0.6524

  Columns 116 through 120

    0.6600    0.6675    0.6749    0.6822    0.6895

  Columns 121 through 125

    0.6967    0.7038    0.7109    0.7179    0.7248

  Columns 126 through 130

    0.7317    0.7385    0.7452    0.7518    0.7584

  Columns 131 through 135

    0.7648    0.7712    0.7776    0.7838    0.7900

  Columns 136 through 140

    0.7961    0.8021    0.8080    0.8139    0.8196

  Columns 141 through 145

    0.8253    0.8309    0.8365    0.8419    0.8473

  Columns 146 through 150

    0.8525    0.8577    0.8628    0.8678    0.8727

  Columns 151 through 155

    0.8776    0.8823    0.8870    0.8916    0.8961

  Columns 156 through 160

    0.9004    0.9048    0.9090    0.9131    0.9171

  Columns 161 through 165

    0.9211    0.9249    0.9287    0.9323    0.9359

  Columns 166 through 170

    0.9394    0.9428    0.9460    0.9492    0.9523

  Columns 171 through 175

    0.9553    0.9582    0.9611    0.9638    0.9664

  Columns 176 through 180

    0.9689    0.9713    0.9737    0.9759    0.9780

  Columns 181 through 185

    0.9801    0.9820    0.9838    0.9856    0.9872

  Columns 186 through 190

    0.9888    0.9902    0.9916    0.9928    0.9940

  Columns 191 through 195

    0.9950    0.9960    0.9968    0.9976    0.9982

  Columns 196 through 200

    0.9988    0.9992    0.9996    0.9998    1.0000

  Columns 201 through 205

    1.0000    1.0000    0.9998    0.9996    0.9992

  Columns 206 through 210

    0.9988    0.9982    0.9976    0.9968    0.9960

  Columns 211 through 215

    0.9950    0.9940    0.9928    0.9916    0.9902

  Columns 216 through 220

    0.9888    0.9872    0.9856    0.9838    0.9820

  Columns 221 through 225

    0.9801    0.9780    0.9759    0.9737    0.9713

  Columns 226 through 230

    0.9689    0.9664    0.9638    0.9611    0.9582

  Columns 231 through 235

    0.9553    0.9523    0.9492    0.9460    0.9428

  Columns 236 through 240

    0.9394    0.9359    0.9323    0.9287    0.9249

  Columns 241 through 245

    0.9211    0.9171    0.9131    0.9090    0.9048

  Columns 246 through 250

    0.9004    0.8961    0.8916    0.8870    0.8823

  Columns 251 through 255

    0.8776    0.8727    0.8678    0.8628    0.8577

  Columns 256 through 260

    0.8525    0.8473    0.8419    0.8365    0.8309

  Columns 261 through 265

    0.8253    0.8196    0.8139    0.8080    0.8021

  Columns 266 through 270

    0.7961    0.7900    0.7838    0.7776    0.7712

  Columns 271 through 275

    0.7648    0.7584    0.7518    0.7452    0.7385

  Columns 276 through 280

    0.7317    0.7248    0.7179    0.7109    0.7038

  Columns 281 through 285

    0.6967    0.6895    0.6822    0.6749    0.6675

  Columns 286 through 290

    0.6600    0.6524    0.6448    0.6372    0.6294

  Columns 291 through 295

    0.6216    0.6137    0.6058    0.5978    0.5898

  Columns 296 through 300

    0.5817    0.5735    0.5653    0.5570    0.5487

  Columns 301 through 305

    0.5403    0.5319    0.5234    0.5148    0.5062

  Columns 306 through 310

    0.4976    0.4889    0.4801    0.4713    0.4625

  Columns 311 through 315

    0.4536    0.4447    0.4357    0.4267    0.4176

  Columns 316 through 320

    0.4085    0.3993    0.3902    0.3809    0.3717

  Columns 321 through 325

    0.3624    0.3530    0.3436    0.3342    0.3248

  Columns 326 through 330

    0.3153    0.3058    0.2963    0.2867    0.2771

  Columns 331 through 335

    0.2675    0.2579    0.2482    0.2385    0.2288

  Columns 336 through 340

    0.2190    0.2092    0.1994    0.1896    0.1798

  Columns 341 through 345

    0.1700    0.1601    0.1502    0.1403    0.1304

  Columns 346 through 350

    0.1205    0.1106    0.1006    0.0907    0.0807

  Columns 351 through 355

    0.0707    0.0608    0.0508    0.0408    0.0308

  Columns 356 through 360

    0.0208    0.0108    0.0008   -0.0092   -0.0192

  Columns 361 through 365

   -0.0292   -0.0392   -0.0492   -0.0592   -0.0691

  Columns 366 through 370

   -0.0791   -0.0891   -0.0990   -0.1090   -0.1189

  Columns 371 through 375

   -0.1288   -0.1388   -0.1487   -0.1585   -0.1684

  Columns 376 through 380

   -0.1782   -0.1881   -0.1979   -0.2077   -0.2175

  Columns 381 through 385

   -0.2272   -0.2369   -0.2466   -0.2563   -0.2660

  Columns 386 through 390

   -0.2756   -0.2852   -0.2948   -0.3043   -0.3138

  Columns 391 through 395

   -0.3233   -0.3327   -0.3421   -0.3515   -0.3609

  Columns 396 through 400

   -0.3702   -0.3795   -0.3887   -0.3979   -0.4070

  Columns 401 through 405

   -0.4161   -0.4252   -0.4342   -0.4432   -0.4522

  Columns 406 through 410

   -0.4611   -0.4699   -0.4787   -0.4875   -0.4962

  Columns 411 through 415

   -0.5048   -0.5135   -0.5220   -0.5305   -0.5390

  Columns 416 through 420

   -0.5474   -0.5557   -0.5640   -0.5722   -0.5804

  Columns 421 through 425

   -0.5885   -0.5966   -0.6046   -0.6125   -0.6204

  Columns 426 through 430

   -0.6282   -0.6359   -0.6436   -0.6512   -0.6588

  Columns 431 through 435

   -0.6663   -0.6737   -0.6811   -0.6883   -0.6956

  Columns 436 through 440

   -0.7027   -0.7098   -0.7168   -0.7237   -0.7306

  Columns 441 through 445

   -0.7374   -0.7441   -0.7508   -0.7573   -0.7638

  Columns 446 through 450

   -0.7702   -0.7766   -0.7828   -0.7890   -0.7951

  Columns 451 through 455

   -0.8011   -0.8071   -0.8130   -0.8187   -0.8244

  Columns 456 through 460

   -0.8301   -0.8356   -0.8410   -0.8464   -0.8517

  Columns 461 through 465

   -0.8569   -0.8620   -0.8670   -0.8720   -0.8768

  Columns 466 through 470

   -0.8816   -0.8863   -0.8908   -0.8953   -0.8998

  Columns 471 through 475

   -0.9041   -0.9083   -0.9124   -0.9165   -0.9204

  Columns 476 through 480

   -0.9243   -0.9281   -0.9318   -0.9353   -0.9388

  Columns 481 through 485

   -0.9422   -0.9455   -0.9487   -0.9518   -0.9549

  Columns 486 through 490

   -0.9578   -0.9606   -0.9633   -0.9660   -0.9685

  Columns 491 through 495

   -0.9710   -0.9733   -0.9755   -0.9777   -0.9797

  Columns 496 through 500

   -0.9817   -0.9836   -0.9853   -0.9870   -0.9885

  Columns 501 through 505

   -0.9900   -0.9914   -0.9926   -0.9938   -0.9948

